22.2596036036
20.8623298539
21.242212766
20.9223490073
20.9290733753
20.9223490073
20.9215732218
20.9180020899
20.9162175732
20.9157696335
20.9108619247
20.9103113898
20.9084258873
20.9094031414
20.9076363636
20.9076363636
20.9085188285
20.9076363636
20.224


CBR starts at 1.5s
21.9840715884
21.7507889126
21.7414557097
21.7415778252
21.7413874066
21.7412366738
21.7407043757
21.7415778252
21.7410458911
21.7395309168
21.7422222222
21.7417678381
21.7422222222
21.7417678381
21.7420704376
21.7419189765
21.6
