221.580699827
256.031511571
247.442303117
254.582173128
254.551017286
254.683482307
254.722468849
254.784872148
254.847306031
254.878534448
254.972265637
255.003524688
255.026974007
255.020681104
255.020681104
255.052148725
255.020681104
255.020681104
255.026974007



242.498787506
245.212077009
245.295883261
245.30230364
245.311263157
245.306160959
245.318953828
245.30230364
245.315108432
245.32544937
245.313104437
245.295114317
245.336252206
245.275892279
245.332029076
245.303846553
246.862947686
