22.2596036036
20.8623298539
21.257751773
21.1586786787
21.2622222222
20.980673774
20.9236865204
20.9194554974
20.9183364681
20.9162175732
20.9108619247
20.9108619247
20.9059644723
20.9046269592
20.905085595
20.9030366492
20.9059644723
20.9059644723
20.7150344828


CBR. Starts at 1.5s
21.698426009
21.6951130064
21.8842695187
21.7837617021
21.7367521368
21.7390415335
21.7368110993
21.7383710021
21.7434529915
21.7378828541
21.7410598291
21.7406091587
21.7396923077
21.7433354633
21.7395432231
21.7415923159
21.6106439232