221.580699827
256.031511571
246.722059738
250.312267874
248.157611335
253.017377567
254.604466972
254.658616115
254.761369204
254.761369204
254.894151527
254.887030295
254.981357495
255.012815412
255.020681104
255.052148725
255.020681104
255.020681104
254.850520368



245.76536738
245.828789703
243.957923141
244.665665148
245.378701129
245.318184739
245.322030232
245.347827728
245.293817967
245.333567432
245.320819875
245.302803976
245.336252206
245.275892279
245.332029076
245.303846553
246.74151422
